[wideAngle.jpg]
moddate=850ab74e7b9dd501
width=1400
height=400
text=1;154;31;Drones Available&#010;on Low Rentals;Calibri;0.110272,0.231641,0.133333,0.000000;v1,4290591016,4278190080,128.000000,1.000000,0.250000,0.785156,400,2,49152;;
textactive=1
